1418919631 662
1418946540 687
1420488495 904
1420579430 937
1421366826 1174
1421370499 1176
1421434927 1187
1421782173 1244
1421790628 1268
1421862674 1284
1421945024 1328
1421958287 1344
1422236338 1413
1422291955 1424
1422299464 1435
1422457910 1496
1422473123 1518
1422543491 1550
1422559137 1558
1422634030 1616
1422813646 1672
1422903717 1704
1422975780 1744
1422995836 1770
1423060735 1787
1423086725 1817
1423147892 1834
1423263985 1931
1423515929 2002
1423607002 2076
1423753437 2161
1423771974 2192
1423837194 2217
1423853997 2253
1424112283 2329
1424183275 2374
1424208371 2425
1424269087 2447
1424356717 2514
1424373355 2542
1424456139 2597
1424463454 2612
1424813281 2785
1424887183 2815
1424894362 2830
1424966672 2867
1425046815 2910
1425085954 2958
1425239077 2989
1425309567 3008
1425332784 3034
1425565901 3172
1425582797 3198
1425674457 3273
1425761758 3293
1425927774 3351
1426001043 3392
1426091626 3462
1426169433 3534
1426268392 3658
1426459328 3666
1426513148 3669
1426535654 3715
1426600741 3741
1426625715 3781
1426702449 3827
1426773536 3884
1426869374 3952
1426967612 4000
1427121359 4043
1427140236 4075
1427209313 4117
1427229723 4144
1427292316 4165
1427317272 4195
1427403155 4242
1427471338 4264
1427563601 4321
1427729797 4359
1427809390 4405
1427836959 4455
1427899534 4477
1427916196 4508
1428441074 4777
1428505227 4800
1428519764 4833
1428603016 4886
1428696670 4972
1428703540 4981
1428878665 5022
1428949271 5059
1428962768 5078
1429020798 5093
1429191768 5211
1429287061 5297
1429561730 5415
1429649136 5480
1429887856 5626
1429905014 5651
1429998717 5678
1430079232 5699
1430157387 5749
1430164635 5765
1430332864 5877
1430417591 5930
1430854955 6194
1430931425 6247
1431012669 6306
1431094170 6373
1431180172 6425
1431281559 6451
1431443476 6533
1431451978 6545
1431627449 6677
1431716177 6736
1431962670 6785
1431985761 6814
1432734959 7159
1432839464 7257
1433096645 7361
1433112020 7369
1433182576 7407
1433260721 7459
1433278243 7489
1433522330 7650
1433719316 7713
1433786844 7758
1433861796 7803
1434140451 8005
1434986346 8253
1435089820 8368
1435159360 8390
1435339119 8536
1435595545 8601
1435604538 8630
1435682962 8673
1435700507 8705
1435775051 8749
1435848455 8797
1436203705 8966
1436213840 8983
1436312529 9065
1436380508 9099
1436455680 9151
1436737762 9285
1436814135 9339
1436884939 9368
1437053589 9500
1437405588 9676
1437489777 9729
1437507698 9747
1437585728 9775
1437656858 9820
1437687506 9860
1438626744 10328
1438736942 10437
1438785714 10454
1438886573 10543
1439230003 10703
1439575639 10963
1439828640 11061
1439847335 11098
1440451314 11455
1440534311 11516
1440780792 11711
1441050412 11844
1441313547 12114
1441746290 12375
1441832396 12466
1441983626 12578
1442417838 12851
1442503902 12933
1443032705 13315
1443042553 13350
1443626554 13737
1444054943 14000
1444243907 14189
1444767922 14537
1444845366 14603
1444857149 14623
1444925010 14670
1445373730 14988
1445526123 15093
1445959179 15350
1446069609 15445
1446216467 15507
1446655566 15739
1446758142 15835
1446831461 15871
1446842409 15890
1447259201 16106
1447274380 16134
1447455949 16293
1447691420 16384
1447703695 16408
1447787438 16479
1447879346 16572
1447959215 16632
1448051535 16713
1448310416 16845
1448906787 17092
1448916553 17107
1448989063 17142
1448996059 17153
1449079861 17221
1449161945 17263
1450288031 17878
1453245869 18745
1453408185 18830
1453820410 19027
1453837957 19071
1454001183 19183
1454105812 19280
1454350542 19372
1454363678 19395
1454608204 19566
1455573998 20152
1455650393 20211
1456178000 20583
1456265547 20664
1456436865 20804
1456515857 20897
1457042748 21216
1457116486 21351
1457560473 21777
1457728689 21942
1458047708 22133
1458161653 22266
1458251278 22348
1458600293 22540
1459381700 23081
1459467178 23155
1460410660 23733
1460484766 23838 
1460498247 23853
1460573922 23920
1460645806 23979
1460743546 24073
1461014230 24246
1461081617 24279
1461093196 24297
1461164113 24333
1461619175 24636
1461697393 24697
1461882374 24857
1462307417 25150
1462393111 25213
1462480315 25275
1462561547 25341
1462572283 25357
1462822395 25445
1463000514 25600
1463081540 25650
1463419383 25830
1463430812 25854
1463522374 25925
1463772588 26247
1464100021 26376
1464213266 26464
1464383557 26522
1464808157 26657
1465417544 26939
1465505342 26989
1465594210 27040
1465842230 27108
1466717021 27566
1467237244 27788
1467398482 27854
1467902275 28037
1468523887 28332
1469042243 28569
1469131460 28621
1469546012 28818
1469556870 28839
1469636346 28893
1469730978 28958
1469738082 28965
1469825303 29013
1470350564 29292
1470762040 29455
1470944725 29576
1471038080 29630
1471295999 29755
1471388071 29820
1472067081 30156
